4 2 2
3 6 4 6 6 10
5 2 4 3 6 1 3
0.42 5
7 4
35
R N 1 1 15 110
R N 1 2 10 110
R N 1 3 12 110
R G 1 4 20 110
R G 1 5 15 110
R V 1 6 30 110
R N 2 7 34 110
R N 2 8 23 110
R N 2 9 16 45
R N 2 10 17 90
R V 2 11 15 500
R V 2 12 10 200
R G 3 13 16 150
R G 3 14 17 230
R N 3 15 14 250
R N 4 16 32 600
R N 4 17 20 300
R V 4 18 25 600
R G 5 19 30 700
X 5 10
P 5 9 100
R N 5 20 15 120
R N 5 21 16 150
R G 6 22 20 200
R G 6 23 25 350
P 6 16 200
X 7 17
R V 7 24 30 600
R N 8 25 15 100
R N 8 26 10 50
R G 9 27 30 500
R V 9 28 25 1000
R V 10 29 10 200
R N 10 30 5 50
P 10 20 50
X 11 25

